step training loss, val loss, training acc, val acc
0 1.459533 1.414111 0.420000 0.480000
1 1.410744 1.372516 0.470000 0.530000
2 1.421204 1.401922 0.420000 0.430000
3 1.442948 1.401300 0.370000 0.410000
4 1.354136 1.284371 0.540000 0.530000
5 1.273048 1.220690 0.470000 0.500000
6 1.276096 1.221219 0.430000 0.450000
7 1.204253 1.179248 0.510000 0.520000
8 1.159785 1.115413 0.520000 0.540000
9 1.207382 1.168423 0.430000 0.470000
10 1.166625 1.173806 0.480000 0.540000
11 1.100254 1.076911 0.620000 0.650000
12 1.069453 1.050000 0.620000 0.640000
13 1.048181 1.056724 0.660000 0.620000
14 1.097286 1.119104 0.680000 0.680000
15 0.979305 1.033656 0.610000 0.570000
16 0.962953 1.033861 0.610000 0.570000
17 0.863940 1.118896 0.710000 0.570000
18 0.911376 1.094829 0.740000 0.620000
19 0.717192 0.917225 0.770000 0.750000
20 0.767027 1.018477 0.730000 0.650000
21 0.743087 1.384394 0.730000 0.610000
22 0.782002 1.497589 0.690000 0.550000
23 0.703906 1.511497 0.710000 0.640000
24 0.581639 1.222688 0.790000 0.630000
25 0.718985 1.842978 0.660000 0.640000
26 0.628236 1.703181 0.710000 0.590000
27 0.726612 2.197740 0.750000 0.600000
28 0.658035 1.984495 0.780000 0.630000
29 0.728018 1.662526 0.720000 0.580000
30 0.680627 2.599629 0.790000 0.490000
31 0.661743 2.600608 0.690000 0.580000
32 0.764683 1.957301 0.750000 0.560000
33 0.625427 1.914929 0.790000 0.550000
34 0.525292 2.300961 0.850000 0.630000
35 0.672168 1.730306 0.730000 0.580000
36 0.541093 1.625275 0.820000 0.600000
37 0.611443 1.388096 0.770000 0.600000
38 0.640078 1.337391 0.760000 0.590000
39 0.484969 1.035918 0.840000 0.690000
40 0.619969 1.261376 0.760000 0.700000
41 0.550544 0.908343 0.800000 0.710000
42 0.591231 1.051290 0.810000 0.660000
43 0.459002 1.186853 0.840000 0.710000
44 0.520032 1.070252 0.840000 0.710000
45 0.639826 1.249720 0.720000 0.690000
46 0.523132 1.410834 0.850000 0.660000
47 0.496825 1.226425 0.830000 0.660000
48 0.586613 1.394300 0.770000 0.650000
49 0.518574 1.339030 0.810000 0.650000
50 0.548396 2.079977 0.820000 0.550000
51 0.497738 1.740702 0.850000 0.560000
52 0.593515 2.516502 0.800000 0.450000
53 0.592492 1.718718 0.760000 0.650000
54 0.457515 2.574899 0.860000 0.490000
55 0.511135 2.811000 0.800000 0.510000
56 0.531696 2.561136 0.840000 0.480000
57 0.457990 1.354898 0.870000 0.610000
58 0.522208 2.372275 0.800000 0.490000
59 0.553699 2.150803 0.820000 0.490000
60 0.535042 2.156182 0.810000 0.530000
61 0.543081 1.944190 0.800000 0.560000
62 0.705490 2.467143 0.730000 0.440000
63 0.691222 2.465686 0.770000 0.440000
64 0.547477 2.043245 0.790000 0.530000
65 0.489420 2.304281 0.830000 0.460000
66 0.489429 2.617763 0.840000 0.530000
67 0.593148 1.626851 0.800000 0.580000
68 0.616300 1.627566 0.820000 0.650000
69 0.586479 1.314471 0.750000 0.630000
70 0.651903 1.502818 0.770000 0.600000
71 0.653894 1.262142 0.820000 0.620000
72 0.486809 1.580194 0.840000 0.600000
73 0.587402 1.871672 0.790000 0.630000
74 0.599442 2.130280 0.820000 0.560000
75 0.593596 1.628153 0.820000 0.540000
76 0.691629 0.946277 0.760000 0.710000
77 0.488673 0.777013 0.860000 0.770000
78 0.557060 1.361669 0.860000 0.740000
79 0.849999 1.753639 0.750000 0.710000
80 0.577762 2.060224 0.800000 0.580000
81 0.665351 2.823008 0.790000 0.540000
82 0.812836 2.864038 0.690000 0.500000
83 0.477282 2.461685 0.870000 0.530000
84 0.503066 1.414627 0.830000 0.630000
85 0.467010 1.709863 0.810000 0.600000
86 0.560517 2.013873 0.820000 0.500000
87 0.605941 1.745140 0.770000 0.580000
88 0.700768 2.578587 0.780000 0.540000
89 0.715157 1.421248 0.760000 0.640000
90 0.471892 2.439279 0.850000 0.550000
91 0.826407 1.900265 0.720000 0.580000
92 0.640968 2.946674 0.780000 0.520000
93 0.675020 4.565821 0.730000 0.380000
94 0.769459 7.202727 0.740000 0.210000
95 0.502144 8.034801 0.850000 0.250000
96 0.480558 11.924282 0.870000 0.140000
97 0.705301 15.374394 0.660000 0.180000
98 0.528923 18.167673 0.770000 0.160000
99 0.712387 20.805515 0.660000 0.120000
100 0.528683 18.647192 0.800000 0.130000
101 0.438894 17.381716 0.880000 0.170000
102 0.564702 14.815612 0.810000 0.140000
103 0.553792 15.765537 0.830000 0.130000
104 0.503791 14.505594 0.890000 0.180000
105 0.469576 13.363531 0.880000 0.180000
106 0.410544 13.566204 0.890000 0.170000
107 0.524678 13.204996 0.830000 0.240000
108 0.585718 13.283240 0.750000 0.200000
109 0.596172 16.950119 0.820000 0.130000
110 0.501773 17.434036 0.860000 0.100000
111 0.711633 20.807093 0.750000 0.100000
112 0.623008 17.207924 0.790000 0.230000
113 0.473084 20.648750 0.890000 0.150000
114 0.525268 21.615831 0.840000 0.170000
115 0.641877 26.429642 0.770000 0.160000
116 0.584833 35.319290 0.800000 0.120000
117 0.664830 41.853073 0.820000 0.090000
118 0.475448 40.935818 0.870000 0.150000
119 0.529702 36.600838 0.830000 0.190000
120 0.403391 46.056725 0.920000 0.140000
121 0.503088 40.831093 0.840000 0.200000
122 0.581143 34.099281 0.770000 0.180000
123 0.770610 27.179386 0.760000 0.150000
124 0.465859 27.738420 0.840000 0.160000
125 0.486789 20.231678 0.900000 0.230000
126 0.431767 20.186474 0.850000 0.120000
127 0.514090 16.298277 0.820000 0.170000
128 0.483728 11.223130 0.840000 0.230000
129 0.590691 8.440712 0.800000 0.320000
130 0.483128 12.331181 0.830000 0.190000
131 0.561954 8.304904 0.850000 0.150000
132 0.458867 7.756831 0.860000 0.280000
133 0.539897 7.733942 0.830000 0.250000
134 0.415734 7.753233 0.890000 0.210000
135 0.493337 7.909844 0.840000 0.250000
136 0.365412 9.112778 0.910000 0.230000
137 0.407587 6.895059 0.910000 0.180000
138 0.404070 5.961398 0.900000 0.260000
139 0.371227 8.814627 0.870000 0.220000
140 0.606317 9.317472 0.760000 0.190000
141 0.367182 8.263392 0.910000 0.170000
142 0.478212 7.563727 0.860000 0.250000
143 0.423814 7.965764 0.860000 0.260000
144 0.402672 8.198847 0.900000 0.200000
145 0.400892 7.248846 0.860000 0.260000
146 0.530554 7.535021 0.850000 0.230000
147 0.323073 7.444585 0.950000 0.210000
148 0.451013 8.974114 0.870000 0.140000
149 0.578413 7.692834 0.840000 0.230000
150 0.446915 8.182203 0.870000 0.210000
151 0.426925 8.916495 0.880000 0.220000
152 0.316675 8.673709 0.960000 0.150000
153 0.442005 9.036880 0.900000 0.170000
154 0.411600 7.283195 0.860000 0.280000
155 0.466072 9.065366 0.880000 0.170000
156 0.397095 7.882753 0.900000 0.270000
157 0.386262 8.517612 0.900000 0.210000
158 0.408426 9.231976 0.870000 0.220000
159 0.516720 9.466301 0.850000 0.220000
160 0.354430 7.623652 0.900000 0.250000
161 0.486613 7.591900 0.900000 0.190000
162 0.341572 7.002840 0.910000 0.250000
163 0.447048 7.748493 0.850000 0.230000
164 0.390356 9.089180 0.900000 0.240000
165 0.628605 6.787535 0.800000 0.220000
166 0.425593 9.462752 0.890000 0.230000
167 0.279495 8.266435 0.960000 0.260000
168 0.424036 10.337246 0.920000 0.070000
169 0.325616 9.987042 0.930000 0.210000
